image_width: 640
image_height: 480
camera_name: narrow_stereo
camera_matrix:
  rows: 3
  cols: 3
  data: [783.60271,   0.     , 342.8042 ,
           0.     , 783.08509, 209.76606,
           0.     ,   0.     ,   1.     ]
distortion_model: plumb_bob
distortion_coefficients:
  rows: 1
  cols: 5
  data: [0.165972, -0.513784, -0.009865, 0.010881, 0.000000]
rectification_matrix:
  rows: 3
  cols: 3
  data: [1., 0., 0.,
         0., 1., 0.,
         0., 0., 1.]
projection_matrix:
  rows: 3
  cols: 4
  data: [793.72931,   0.     , 347.19926,   0.     ,
           0.     , 795.61047, 206.2405 ,   0.     ,
           0.     ,   0.     ,   1.     ,   0.     ]
