# oST version 5.0 parameters


[image]

width
640

height
480

[narrow_stereo]

camera matrix
783.602713 0.000000 342.804204
0.000000 783.085090 209.766058
0.000000 0.000000 1.000000

distortion
0.165972 -0.513784 -0.009865 0.010881 0.000000

rectification
1.000000 0.000000 0.000000
0.000000 1.000000 0.000000
0.000000 0.000000 1.000000

projection
793.729309 0.000000 347.199257 0.000000
0.000000 795.610474 206.240498 0.000000
0.000000 0.000000 1.000000 0.000000
