# oST version 5.0 parameters


[image]

width
800

height
600

[narrow_stereo]

camera matrix
259.097178 0.142678 407.623776
0.000000 258.715156 295.452424
0.000000 0.000000 1.000000

distortion
-0.059293 -0.008688 0.016271 -0.007096

rectification
1.000000 0.000000 0.000000
0.000000 1.000000 0.000000
0.000000 0.000000 1.000000

projection
259.097178 0.142678 407.623776 0.000000
0.000000 258.715156 295.452424 0.000000
0.000000 0.000000 1.000000 0.000000
